Abbeville|AL|-85250488|31571838|-85267487|31588837|-85233490|31554840
Abbeville|SC|-82379021|34178173|-82403584|34203107|-82347997|34154065
Abbeville|LA|-92134293|29974646|-92170461|30006296|-92022795|29938471
Abbeville|GA|-83306816|31992117|-83323892|32009193|-83289740|31975041
Abbeville|MS|-89503143|34503162|-89520717|34520736|-89485570|34485589
Abbotsford|WI|-90315964|44946354|-90331414|44956656|-90308184|44900493
Abbott|AR|-94194420|35073719|-94212115|35091415|-94176724|35056023
Abbott|TX|-97073341|31884878|-97090397|31901934|-97056286|31867822
Abbott|VA|-80139122|37429413|-80157359|37447650|-80120885|37411176
Abbott|WV|-80322929|38922035|-80341544|38940650|-80304315|38903421
Abbott|NM|-104261398|36304886|-104279369|36322857|-104243428|36286915
Abbottsburg|NC|-78724274|34517456|-78741850|34535033|-78706697|34499879
Abbottstown|PA|-76984703|39886490|-77003577|39905364|-76965829|39867616
Abbyville|KS|-98204231|37970844|-98222602|37989215|-98185860|37952473
Abell|TX|-101459587|35393448|-101477353|35411213|-101441822|35375682
Abercrombie|ND|-96730362|46447742|-96751381|46468761|-96709343|46426724
Aberdeen|ID|-112838326|42944084|-112858110|42963868|-112818541|42924300
Aberdeen|MD|-76164108|39509552|-76182879|39528323|-76145337|39490781
Aberdeen|SD|-98486481|45464699|-98515966|45489446|-98443725|45436381
Aberdeen|MS|-88543655|33825115|-88585015|33842924|-88533836|33782314
Aberdeen|FL|-80148636|26550592|-80164825|26566782|-80132446|26534403
Aberdeen|WA|-123815712|46975376|-123917980|47004036|-123759377|46940096
Aberdeen|KY|-86681770|37254181|-86699965|37272376|-86663576|37235986
Aberdeen|OH|-83761032|38655632|-83779577|38674177|-83742487|38637087
Aberdeen|NC|-79429474|35131546|-79447182|35149254|-79411766|35113838
Aberdeen--Havre de Grace--Bel Air|MD|-76296817|39506058|-76468592|39655206|-76035904|39389790
Aberfoil|AL|-85687782|32070564|-85704873|32087655|-85670692|32053474
Abernant|AL|-87197800|33290455|-87215125|33307780|-87180474|33273129
Abernathy|TX|-101842949|33832298|-101855236|33847031|-101819226|33821332
Abeytas|NM|-106808243|34468410|-106825809|34485977|-106790677|34450844
Abie|NE|-96948921|41334179|-96968209|41353466|-96929634|41314892
Abilene|KS|-97213905|38917221|-97251398|38944195|-97199475|38904319
Abilene|TX|-99733147|32448734|-99872993|32507345|-99665248|32352092
Abilene North (Robertson Unit)|TX|-99630458|32563283|-99633494|32564396|-99627514|32562176
Abingdon|IA|-92139503|41082317|-92158717|41101531|-92120290|41063104
Abingdon|MD|-76278740|39462467|-76297498|39481226|-76259982|39443709
Abingdon|IL|-90401802|40804478|-90414653|40816255|-90376373|40791531
Abingdon|VA|-81977348|36709831|-82086196|36743785|-81914243|36659765
Abington|MA|-70944359|42104912|-70963879|42124432|-70924839|42085392
Abington|PA|-75117432|40120739|-75136370|40139678|-75098493|40101800
Abiquiu|NM|-106319916|36208229|-106337864|36226178|-106301967|36190280
Abita Springs|LA|-90037575|30478523|-90054379|30495328|-90020770|30461719
Abo|NM|-106324951|34461666|-106342516|34479231|-106307386|34444101
Aboite|IN|-85318253|41001041|-85337442|41020231|-85299063|40981852
Abraham|UT|-112719101|39396702|-112737842|39415443|-112700360|39377961
Abram|TX|-98411125|26199791|-98427266|26215932|-98394985|26183650
Abrams|WI|-88059929|44779381|-88080332|44799783|-88039526|44758978
Absarokee|MT|-109434502|45527260|-109455174|45547932|-109413830|45506588
Absecon|NJ|-74495705|39428448|-74514454|39447197|-74476955|39409698
Academy|SD|-99084702|43455143|-99104652|43475093|-99064751|43435193
Accident|MD|-79319756|39628693|-79338559|39647496|-79300952|39609889
Accokeek|MD|-77027596|38668018|-77046144|38686567|-77009047|38649470
Accomac|VA|-75665482|37719570|-75683790|37737879|-75647173|37701262
Accord|MA|-70882523|42174583|-70902064|42194125|-70862981|42155042
Ace|TX|-94824585|30536896|-94841399|30553710|-94807771|30520081
Aceitunas|PR|-67067451|18445999|-67082718|18461266|-67052185|18430733
Acequia|ID|-113596947|42667969|-113616643|42687665|-113577251|42648273
Achille|OK|-96387207|33833427|-96404642|33850862|-96369772|33815993
Achilles|VA|-76439461|37280563|-76457662|37298765|-76421260|37262362
Ackerly|TX|-101715973|32526501|-101733149|32543677|-101698796|32509324
Ackerman|MS|-89172852|33310127|-89190181|33327457|-89155522|33292798
Ackley|IA|-93053261|42554146|-93072921|42573806|-93033601|42534486
Ackworth|IA|-93472717|41366932|-93492014|41386229|-93453420|41347635
Acme|NM|-104331596|33591892|-104348982|33609278|-104314211|33574507
Acme|WY|-107020576|44915489|-107041027|44935940|-107000126|44895038
Acme|TX|-99824783|34317047|-99842318|34334582|-99807249|34299513
Acme|LA|-91820541|31286207|-91837488|31303154|-91803595|31269261
Acme|WA|-122207779|48716633|-122229729|48738583|-122185829|48694683
Acoma|NV|-114174538|37548405|-114192804|37566671|-114156271|37530138
Acomita|NM|-107569931|35056984|-107587623|35074676|-107552239|35039292
Acomita Lake|NM|-107613640|35070213|-107631335|35087908|-107595945|35052519
Acorn|VA|-76648445|38019367|-76666828|38037750|-76630062|38000984
Acra|NY|-74054741|42311180|-74074325|42330764|-74035157|42291596
Acree|GA|-83995674|31555750|-84012669|31572745|-83978679|31538755
Acton|MT|-108686028|45930542|-108706849|45951364|-108665206|45909720
Acton|MA|-71431976|42485401|-71451615|42505039|-71412338|42465763
Acton|CA|-118198448|34469784|-118216015|34487350|-118180882|34452217
Acworth|GA|-84676880|34065929|-84694362|34083412|-84659398|34048447
Acy|LA|-90820702|30219219|-90837461|30235979|-90803942|30202459
Ada|LA|-93140907|32546131|-93158088|32563311|-93123727|32528951
Ada|KS|-97889877|39151226|-97908553|39169901|-97871202|39132551
Ada|OH|-83822716|40769493|-83842343|40780481|-83801832|40756548
Ada|OK|-96678352|34774529|-96722106|34817991|-96617920|34729844
Ada|MN|-96515343|47299686|-96536698|47321042|-96493988|47278331
Ada|WI|-87896156|43877090|-87916247|43897182|-87876065|43856999
Adair|IA|-94643585|41500549|-94662922|41519886|-94624248|41481213
Adair|IL|-90497314|40419159|-90516337|40438181|-90478292|40400136
Adair|OK|-95271355|36436760|-95289356|36454761|-95253353|36418759
Adair Village|OR|-123217873|44670673|-123238237|44691038|-123197508|44650309
Adairsville|GA|-84934113|34368702|-84979460|34377004|-84902122|34331222
Adairville|KY|-86851936|36667542|-86869991|36685597|-86833881|36649486
Adams|ND|-98078995|48421387|-98100817|48443209|-98057173|48399564
Adams|KY|-82707314|38054588|-82725706|38072980|-82688922|38036196
Adams|OR|-118562477|45767357|-118583238|45788118|-118541716|45746596
Adams|WI|-89818192|43956078|-89838309|43976195|-89798074|43935960
Adams|TN|-87065559|36582264|-87083595|36600299|-87047524|36564229
Adams|MS|-90564835|32162045|-90581942|32179152|-90547727|32144937
Adams|NY|-76024078|43809235|-76044147|43829303|-76004010|43789166
Adams|MA|-73116798|42624409|-73136481|42644091|-73097116|42604727
Adams|MN|-92719353|43565247|-92739340|43585233|-92699366|43545260
